-64
-66
-69
-74
-73
-74
-76
-76
-78
-76
-77
-77
-78
-78
-74
-78
-78
-74
-74
-76
-78
-78
-75
-76
-74
-76
-74
-72
-72
-78
-72
-71
-76
-75
-72
-73
-74
-73
-73
-74
-73
-74
-72
-72
-72
-71
-70
-74
-75
-73
-74
-77
-73
-76
-74
-78
-75
-76
-79
-76
-75
-73
-77
-79
-79
-79
-80
-76
-72
-75
-75
-77
-73
-73
-70
-72
-72
-74
-75
-73
-73
-74
-76
-74
-75
-71
-72
-76
-76
-74
-74
-72
-72
-68
-68
-68
-68
-68
-72
-73
-73
-74
-73
-74
-76
-75
-73
-73
-74
-74
-74
-75
-70
-73
-75
-70
-76
-72
-77
-74
-75
-75
-75
-75
-74
-74
-75
-74
-74
-74
-77
-75
-75
-75
-77
-76
-76
-79
-73
-69
-73
-73
-72
-73
-75
-76
-75
-73
-74
-74
-76
-74
-77
-73
-77
-74
-77
-76
-74
-73
-76
-73
-76
-76
-76
-76
-79
-76
-77
-74
-72
-77
-75
-79
-78
-80
-78
-81
-79
-81
-79
-70
-80
-78
-77
-77
-78
-79
-80
-81
-80
-75
-75
-75
-77
-75
-78
-78
-77
-80
-77
-78
-80
-78
-76
-78
-74
-78
-74
-72
-73
-75
-75
-74
-77
-76
-75
-76
-77
-75
-75
-73
-75
-74
-73
-76
-75
-75
-74
-75
-75
-75
-75
-76
-75
-75
-77
-76
-71
-74
-73
-75
-75
-72
-71
-73
-70
-71
-73
-72
-73
-71
-76
-77
-77
-76
-77
-74
-77
-77
-76
-78
-77
-78
-78
-78
-77
-78
-77
-77
-77
-77
-78
-76
-75
-75
-72
-70
-71
-72
-72
-73
-72
-71
-71
-72
-73
-72
-70
-71
-71
-71
-72
-70
-70
-72
-76
-76
-73
-76
-76
-75
-77
-78
-78
-80
-80
-75
-77
-73
-76
-73
-74
-74
-75
-75
-72
-74
-74
-75
-73
-74
-72
-76
-76
-76
-75
-76
-77
-72
-77
-76
-76
-75
-76
-74
-75
-75
-75
-73
-73
-76
-77
-77
-77
-78
-79
-80
-79
-72
-75
-75
-76
-75
-73
-71
-74
-72
-74
-72
-71
-76
-76
-76
-77
-76
-79
-73
-75
-76
-76
-73
-75
-77
-76
-78
-76
-77
-79
-80
-82
-80
-81
-78
-79
-74
-74
-73
-76
-76
-75
-76
-78
-74
-73
-75
-75
-76
-77
-76
-75
-75
-75
-71
-72
-72
-71
-74
-75
-75
-75
-75
-76
-76
-76
-76
-77
-77
-76
-75
-76
-76
-76
-76
-73
-73
-72
-72
-75
-72
-73
-74
-74
-73
-75
-75
-75
-78
-77
-78
-75
-76
-73
-73
-76
-73
-74
-75
-75
-76
-77
-71
-70
-77
-75
-78
-77
-77
-78
-76
-74
-75
-75
-75
-74
-73
-77
-73
-73
-73
-74
-75
-76
-76
-74
-74
-77
-77
-77
-79
-77
-77
-75
-75
-76
-81
-77
-78
-77
-78
-77
-76
-76
-76
-77
-78
-74
-74
-75
-72
-72
-73
-72
-71
-72
-72
-74
-75
-75
-72
-74
-73
-75
-73
-74
-73
-76
-76
-77
-77
-75
-68
-67
-68
-69
-68
-70
-72
-67
-77
-70
-78
-82
-69
-69
-69
-69
-70
-70
-71
-71
-71
-70
-70
-70
-70
-70
-70
-69
-71
-71
-70
-70
-70
-70
-70
-71
-70
-70
-70
-71
-70
-70
-70
-69
-69
-70
-70
-69
-71
-70
-72
-72
-70
-71
-72
-70
-72
-70
-71
-71
-71
-71
-71
-71
-71
-71
-71
-71
-72
-72
-74
-71
-72
-71
-72
-71
-71
-70
-72
-70
-71
-70
-71
-73
-71
-72
-73
-72
-73
-72
-71
-72
-75
-72
-73
-75
-75
-73
-72
-73
-74
-72
-72
-72
-71
-70
-72
-73
-73
-72
-72
-72
-73
-72
-72
-72
-72
-73
-72
-72
-71
-72
-71
-71
-71
-71
-72
-72
-75
-69
-76
-75
-78
-73
-75
-78
-78
-71
-71
-67
-67
-65
-69
-69
-72
-71
-71
-71
-71
-71
-71
-72
-71
-72
-72
-71
-72
-72
-68
-69
-68
-70
-71
-70
-70
-69
-69
-70
-70
-70
-70
-70
-70
-70
-70
-69
-69
-70
-72
-71
-71
-70
-70
-70
-70
-70
-68
-69
-73
-70
-75
-67
-72
-74
-69
-70
-70
-73
-72
-70
-70
-72
-71
-75
-76
-76
-76
-77
-77
-77
-76
-73
-75
-73
-73
-73
-76
-74
-74
-73
-73
-72
-73
-73
-72
-72
-72
-72
-73
-73
-73
-70
-70
-69
-69
-72
-72
-73
-73
-77
-75
-75
-75
-74
-74
-75
-75
-74
-76
-72
-70
-71
-70
-70
-71
-71
-72
-71
-70
-71
-71
-71
-70
-69
-69
-70
-69
-70
-76
-74
-75
-74
-72
-70
-69
-69
-69
-69
-74
-75
-79
-80
-79
-76
-71
-72
-72
-72
-72
-72
-76
-85
-83
-76
-72
-78
-74
-73
-75
-74
-75
-75
-78
-78
-80
-78
-78
-76
-77
-74
-74
-70
-74
-74
-72
-72
-67
-68
-67
-67
-68
-69
-71
-70
-70
-77
-70
-72
-75
-74
-70
-71
-72
-73
-70
-70
-71
-76
-76
-76
-80
-81
-76
-77
-79
-73
-73
-73
-76
-76
-71
-75
-72
-72
-72
-72
-73
-73
-74
-73
-73
-74
-74
-72
-72
-72
-69
-73
-69
-72
-71
-71
-73
-72
-67
-72
-75
-75
-74
-73
-74
-68
-70
-71
-73
-72
-72
-72
-71
-71
-72
-76
-73
-73
-71
-74
-74
-75
-71
-74
-70
-68
-68
-69
-68
-70
-68
-65
-68
-69
-69
-68
-71
-76
-69
-71
-74
-74
-71
-73
-74
-76
-75
-69
-72
-69
-75
-72
-74
-76
-75
-78
-81
-82
-77
-80
-78
-71
-77
-75
-81
-78
-81
-78
-75
-81
-78
-80
-78
-80
-78
-84
-78
-69
-72
-72
-74
-72
-71
-71
-73
-71
-71
-71
-71
-71
-71
-71
-70
-68
-68
-68
-68
-69
-68
-68
-69
-68
-68
-69
-69
-69
-71
-71
-70
-69
-69
-69
-69
-68
-69
-68
-68
-71
-71
-70
-71
-70
-71
